AAPL,AMZN,GOOG,META,MSFT
15.961039543151855,10.692500114440918,14.883453369140623,38.05066680908203,23.350187301635746
17.012514114379883,10.76200008392334,14.96426773071289,32.875057220458984,23.19063949584961
17.385976791381836,10.645500183105469,14.399072647094728,29.46114730834961,23.286365509033203
17.197288513183594,10.881999969482422,14.391883850097656,26.684236526489254,23.414011001586918
17.338729858398438,10.821000099182127,14.008394241333008,27.271469116210938,23.36614227294922
17.628225326538086,11.133000373840332,14.15093231201172,31.262657165527344,23.804908752441406
17.51748275756836,11.107999801635742,14.166550636291504,32.89496612548828,24.490970611572266
17.124757766723633,11.065500259399414,13.988810539245604,31.212892532348636,23.860750198364254
18.35528945922852,11.352999687194824,14.772397994995115,31.322376251220703,24.490970611572266
18.189472198486328,10.918499946594238,14.159360885620115,30.824722290039062,23.374122619628903
18.265012741088867,10.846500396728516,14.296693801879885,27.958232879638672,23.661312103271484
18.17142105102539,11.30049991607666,15.25801944732666,28.615135192871094,23.3581657409668
17.60957145690918,11.866000175476074,15.740171432495115,23.598777770996094,23.741090774536133
18.29059600830078,11.540499687194824,15.58622932434082,19.945993423461918,23.286365509033203
18.6538143157959,11.718999862670898,15.920388221740724,20.622804641723636,24.195804595947266
19.09144401550293,11.659500122070312,16.5755672454834,20.284399032592773,24.195491790771484
20.10270118713379,12.017499923706056,16.746118545532227,19.916135787963867,24.68533706665039
20.04437065124512,12.286999702453612,16.822715759277344,19.31894874572754,24.540794372558597
20.064008712768555,12.310999870300291,16.8983211517334,19.00044822692871,24.34806632995605
20.43878173828125,12.569000244140623,17.337587356567383,18.87105941772461,25.17519187927246
20.24293327331543,12.781499862670898,17.126384735107422,20.83181953430176,24.71746826171875
21.21369743347168,12.9375,17.805606842041016,21.767410278320312,25.03867721557617
20.877613067626957,12.739999771118164,18.57655334472656,20.69247817993164,24.71746826171875
20.16162872314453,12.715999603271484,18.70347595214844,21.558395385742188,23.89836311340332
20.152570724487305,13.023500442504885,19.039369583129883,21.847036361694336,24.11518096923828
19.37009048461914,12.249500274658203,18.45707130432129,19.54786872863769,23.271995544433597
19.638473510742188,12.196999549865724,18.46054077148437,19.388622283935547,23.68154525756836
19.162166595458984,11.689000129699709,16.823707580566406,19.2293701171875,22.485017776489254
18.254573822021484,11.911999702453612,16.7364501953125,21.83708000183105,22.65365982055664
17.66885757446289,11.716500282287598,16.930051803588867,21.150320053100582,23.793968200683597
16.609203338623047,11.315500259399414,16.436002731323242,19.11988639831543,23.15154457092285
15.95826816558838,11.029999732971191,16.04507827758789,22.06600379943848,21.58487701416016
17.053686141967773,11.90149974822998,16.506404876708984,24.205915451049805,21.81967163085937
17.698551177978516,12.35550022125244,16.94765281677246,26.23634910583496,22.1516170501709
17.48328971862793,12.624500274658203,17.130102157592773,27.331188201904297,21.350082397460938
16.085786819458008,12.388500213623049,16.991037368774414,27.70940589904785,21.811580657958984
15.477653503417969,12.459500312805176,17.40104866027832,26.684236526489254,21.706321716308597
15.840161323547363,13.074999809265137,17.906749725341797,27.231658935546875,22.410701751708984
15.637659072875977,12.415499687194824,17.50838279724121,25.92780113220215,21.827770233154297
16.4586124420166,12.923999786376951,17.93922233581543,27.639732360839844,22.062562942504883
15.699594497680664,13.317500114440918,18.29742813110352,30.446502685546875,21.61726188659668
14.752937316894531,13.595000267028809,17.970457077026367,29.958803176879883,22.030168533325195
15.32524585723877,13.509499549865724,17.42360496520996,30.58584976196289,21.981595993041992
13.657221794128418,13.802000045776367,18.61001968383789,32.31768798828125,22.59692001342773
13.772286415100098,13.25,19.22652816772461,29.590538024902344,22.61311149597168
14.298405647277832,13.011500358581545,19.185623168945312,28.51560401916504,22.08684539794922
14.261456489562988,13.47350025177002,19.406497955322266,27.779077529907227,22.694072723388672
13.706889152526855,13.320500373840332,19.644472122192383,28.32649803161621,22.751354217529297
13.710551261901855,12.968000411987305,19.586713790893555,27.26151466369629,22.34318351745605
12.827399253845217,13.655500411987305,20.36435317993164,27.589967727661133,22.97991752624512
13.1837739944458,13.709500312805176,20.612741470336918,27.828842163085938,22.85747337341309
13.20759391784668,13.286999702453612,20.365345001220703,26.913158416748047,22.971763610839844
13.805522918701172,12.86400032043457,20.19603538513184,25.738693237304688,23.11870002746582
14.082196235656738,13.01550006866455,20.13926696777344,25.09174156188965,22.98809051513672
13.124836921691896,13.166000366210938,20.15463638305664,25.300756454467773,23.51054954528809
13.015510559082031,12.947500228881836,19.207935333251957,26.724048614501957,23.33910751342773
13.125144958496094,13.643500328063965,19.58473014831543,27.271469116210938,23.50238609313965
11.97234058380127,12.970999717712402,18.98632049560547,25.56949234008789,23.50238609313965
12.381847381591797,13.439000129699709,20.1648006439209,25.987520217895508,25.926910400390625
13.52152156829834,12.690500259399414,20.44045639038086,27.639732360839844,27.02080535888672
14.069066047668455,12.78600025177002,21.357160568237305,27.440671920776367,27.551424026489254
13.924262046813965,13.181500434875488,21.82022476196289,26.554845809936523,26.68609619140625
13.358953475952148,13.206000328063965,22.40624046325684,26.00742530822754,28.01590347290039
13.567066192626951,13.14799976348877,22.048036575317383,25.041976928710938,28.45159149169922
13.677727699279783,13.27649974822998,21.524738311767575,23.21060943603516,28.67355155944824
13.811752319335938,13.28499984741211,21.29642868041992,23.409669876098636,28.763988494873047
13.491443634033203,14.053500175476074,22.067869186401367,24.21586799621582,29.15857315063477
13.219706535339355,13.69950008392334,21.69156646728516,23.519153594970703,28.278959274291992
12.813629150390623,13.67199993133545,21.932024002075195,23.787887573242188,27.53088760375977
12.236642837524414,13.878499984741213,21.65711212158203,24.046669006347656,28.23784828186035
12.864352226257324,14.18649959564209,21.871788024902344,24.295494079589844,27.900798797607425
12.98300552368164,14.576499938964844,22.44020271301269,25.3604793548584,28.23784828186035
13.13947296142578,15.328499794006348,22.922351837158203,26.156723022460938,29.734020233154297
13.0629301071167,15.261500358581545,22.22602653503418,25.75859832763672,25.81277847290039
13.479455947875977,15.170000076293944,22.005401611328125,34.19882583618164,25.80454444885254
13.910737991333008,15.060999870300291,22.006637573242188,36.62737274169922,26.17447662353516
14.301749229431152,15.037500381469728,22.22528076171875,38.3691635131836,25.96074104309082
14.461471557617188,14.834500312805176,21.95110893249512,38.040714263916016,27.02120780944824
15.54354190826416,14.241000175476074,21.24213981628418,36.906063079833984,26.325801849365234
15.563034057617188,14.486499786376951,21.658599853515625,38.3691635131836,26.814239501953125
15.189862251281738,14.07900047302246,21.03490447998047,40.35977935791016,27.335786819458008
15.430907249450684,14.682000160217283,21.607038497924805,41.584014892578125,25.82909202575684
15.305593490600586,15.017999649047852,22.02944564819336,43.39547348022461,26.814239501953125
13.92801570892334,14.803000450134276,22.00688743591309,42.31058883666992,27.153661727905277
14.463018417358398,15.81700038909912,22.387401580810547,47.26723098754883,27.1453800201416
15.045049667358398,15.906000137329102,21.76915740966797,50.153621673583984,27.12881851196289
15.148402214050291,16.02549934387207,22.012592315673828,50.04413986206055,28.080854415893555
14.881675720214844,15.161499977111816,21.16182327270508,46.91886901855469,27.327510833740234
15.348912239074709,15.53499984741211,21.71809196472168,49.27774810791016,28.51963233947754
15.746522903442385,16.446500778198242,25.07207679748535,53.96566009521485,28.941823959350582
16.458831787109375,16.61050033569336,25.422595977783203,52.20396423339844,27.91529083251953
16.24192237854004,18.054000854492188,25.54331970214844,48.78009796142578,29.42198944091797
16.25893783569336,17.944499969482422,25.32269287109375,49.874942779541016,30.33262252807617
16.154674530029297,17.7189998626709,25.05174827575684,45.98328399658203,31.119081497192383
16.339555740356445,18.458499908447266,25.621156692504883,48.78009796142578,31.3260555267334
16.219724655151367,18.44599914550781,25.6338005065918,46.480934143066406,31.196605682373047
16.99221420288086,19.33550071716309,26.35367774963379,46.27191925048828,31.363435745239254
17.58480453491211,19.29800033569336,26.231468200683597,48.39192962646485,32.481163024902344
17.601919174194336,19.388999938964844,26.88788604736328,50.014286041259766,31.78883934020996
17.351381301879883,19.44849967956543,26.59834861755371,53.55758285522461,30.771202087402344
17.087446212768555,20.11000061035156,27.283523559570312,54.8614387512207,30.696128845214844
17.43199348449707,19.90399932861328,27.724275588989254,55.179935455322266,31.10485076904297
16.837217330932617,19.82200050354004,27.392099380493164,54.30406951904297,30.78787612915039
16.698402404785156,20.050500869750977,28.017778396606445,56.95158767700195,29.63677215576172
17.347026824951172,19.793500900268555,28.47340583801269,57.32980346679688,30.66277503967285
17.164955139160156,20.226999282836918,28.87994956970215,57.2402229309082,29.970436096191406
15.764071464538574,19.72150039672852,27.838552474975582,54.881343841552734,30.254037857055664
15.609393119812012,17.3075008392334,28.09685707092285,61.19160079956055,30.42920684814453
16.271102905273438,18.054000854492188,29.18782997131348,64.01828002929688,30.49594116210937
17.046018600463867,17.860000610351562,29.744600296020508,67.01416778564453,31.37178039550781
16.63022804260254,17.489999771118164,29.848960876464844,69.3033676147461,31.724681854248047
16.198148727416992,17.989999771118164,30.2470760345459,68.93511962890625,31.48935890197754
16.63304328918457,18.19499969482422,30.11668586730957,68.47726440429688,32.279327392578125
16.62302589416504,18.526500701904297,30.03388786315918,71.69210815429688,31.78351783752441
16.427961349487305,18.687000274658203,29.07280921936035,67.40232849121094,31.682662963867188
16.553518295288086,18.44849967956543,29.67667388916016,66.65585327148438,33.89287567138672
16.90043067932129,17.170499801635742,28.0606689453125,60.106712341308594,33.43907165527344
16.95897674560547,17.149499893188477,28.14703750610352,62.32625198364258,34.808895111083984
16.389766693115234,15.887999534606934,26.70732879638672,56.68285751342773,33.44747543334961
16.26891326904297,15.58650016784668,26.332637786865234,58.25544357299805,32.95164489746094
16.435789108276367,16.245500564575195,26.6055908203125,58.66351318359375,33.62395477294922
17.77678871154785,16.857500076293945,26.06266212463379,60.5844612121582,33.49789047241211
18.47562789916992,15.206500053405762,26.137102127075195,59.49957656860352,33.95170211791992
18.610885620117188,14.869000434875488,25.56538772583008,58.25544357299805,32.82558822631836
18.66508674621582,15.142999649047852,26.298891067504883,59.549346923828125,33.59033966064453
18.812440872192383,14.885000228881836,25.83784484863281,57.747833251953125,33.70882034301758
19.119728088378903,15.24549961090088,27.05026054382324,60.236106872558594,33.93732452392578
20.00476455688477,15.689000129699709,27.79567527770996,63.53058242797852,34.14044570922852
20.30198097229004,15.33899974822998,27.03041076660156,63.04288101196289,34.1235237121582
20.77205467224121,16.620500564575195,27.819000244140625,65.46147155761719,34.79209899902344
20.320240020751957,16.381000518798828,27.01154899597168,63.88888931274414,35.12217330932617
20.035932540893555,16.209999084472656,27.61105728149414,64.19743347167969,35.274513244628906
20.033735275268555,16.284500122070312,28.58574867248535,66.81510162353516,35.30835723876953
20.602344512939453,16.642499923706055,28.900144577026367,66.1382827758789,35.46070098876953
21.02330017089844,16.49850082397461,28.5897216796875,64.66523742675781,35.26604080200195
21.007871627807617,17.722000122070312,29.021486282348636,66.85490417480469,35.92616653442383
20.703718185424805,17.988000869750977,29.254240036010746,69.07444763183594,37.948875427246094
21.52579689025879,16.20050048828125,29.23190689086914,74.83729553222656,37.661128997802734
21.069581985473636,15.649499893188477,28.36738586425781,72.30921173095703,36.52706146240234
20.92852783203125,15.694499969482422,28.108030319213867,72.13005065917969,36.171607971191406
21.25633430480957,15.965999603271484,27.927186965942383,72.48836517333984,36.83173751831055
21.96288299560547,16.726499557495117,28.89145851135254,74.24010467529297,38.17738342285156
22.44129943847656,16.579500198364258,28.91131019592285,74.2201919555664,38.44989776611328
22.647289276123047,17.000999450683594,28.248279571533203,73.5135269165039,38.21995162963867
21.73253059387207,17.297500610351562,28.88252830505371,75.59371948242188,38.54357147216797
22.37042999267578,16.566499710083008,28.938108444213867,77.0667953491211,39.88911056518555
22.33941650390625,16.38800048828125,28.781782150268555,75.7231216430664,39.82098388671875
22.383712768554688,16.225000381469727,29.150022506713867,76.43973541259766,40.07645797729492
22.315053939819336,16.160499572753906,28.640342712402344,78.42040252685547,39.52290725708008
22.126789093017575,15.920499801635742,28.29195213317871,76.71842193603516,38.9693717956543
22.32612609863281,16.135000228881836,28.412052154541016,77.1563491821289,39.838008880615234
21.87207794189453,15.415499687194824,26.696908950805664,73.24479675292969,37.24061584472656
22.095779418945312,15.310500144958496,25.848268508911133,76.58903503417969,37.53868103027344
23.30511283874512,14.352999687194824,26.788225173950195,80.29158782958984,39.284461975097656
23.69493103027344,14.953499794006348,27.310806274414062,73.76236724853516,39.2163314819336
24.111330032348636,14.826000213623049,27.092941284179688,74.47898864746094,40.75774002075195
24.402740478515625,15.600500106811523,27.309812545776367,74.26000213623047,41.617862701416016
25.357044219970703,16.15250015258789,26.625940322875977,73.8917465209961,42.120304107666016
25.90872383117676,16.631500244140625,26.675071716308597,73.404052734375,41.11763000488281
26.45594596862793,16.93199920654297,26.88996315002441,77.33551025390625,40.971954345703125
25.69072914123535,15.846500396728516,26.66564178466797,74.88705444335938,41.85464859008789
24.903247833251957,15.291999816894531,26.10732650756836,75.82264709472656,40.19210815429688
23.74650764465332,14.753000259399414,24.58523368835449,74.33963775634766,38.700965881347656
25.12347984313965,15.32699966430664,26.048269271850582,81.06791687011719,41.11763000488281
25.33924865722656,15.60200023651123,26.319238662719727,79.6446304321289,40.6634521484375
23.63528060913086,15.10949993133545,25.502361297607425,76.82791900634766,39.7036361694336
24.91659545898437,14.846500396728516,24.623947143554688,77.37533569335938,40.44063568115234
23.7620849609375,14.34749984741211,24.90285301208496,73.70264434814453,38.97520065307617
25.003347396850582,15.515999794006348,26.520727157592773,77.2857437133789,40.38921356201172
25.650680541992188,15.195500373840332,25.310300827026367,75.88236236572266,35.298797607421875
26.39365768432617,18.177499771118164,26.2651424407959,75.04631042480469,35.650146484375
26.736791610717773,18.527999877929688,26.195167541503903,74.09081268310547,36.30145263671875
28.38047981262207,19.09149932861328,27.24629020690918,75.38471221923828,37.59547424316406
28.92093849182129,19.183000564575195,26.74703025817871,79.52520751953125,37.85440826416016
29.126392364501957,19.239999771118164,27.5673828125,80.0328140258789,38.02701568603516
28.70653533935547,19.13599967956543,28.45522689819336,80.5205078125,37.16394805908203
27.806528091430664,18.475500106811523,27.54405975341797,77.18622589111328,36.27497100830078
27.9047908782959,18.667499542236328,27.519243240356445,77.70378112792969,35.86933135986328
28.11696052551269,18.92449951171875,27.809568405151367,83.40690612792969,37.00859069824219
27.746227264404297,18.36750030517578,27.552000045776367,82.62062072753906,35.567237854003906
27.748464584350582,18.51300048828125,26.926189422607425,81.28689575195312,35.14435195922852
28.049949645996094,19.059999465942383,26.879039764404297,81.89404296875,35.74850082397461
28.20628547668457,19.25550079345703,26.322216033935547,83.12821197509766,35.94701385498047
28.49660873413086,19.475500106811523,26.569860458374023,82.70023345947266,37.034481048583984
29.09513282775879,22.2549991607666,28.04281997680664,81.14755249023438,41.31532669067383
27.949460983276367,21.089000701904297,26.740345001220703,78.40049743652344,41.97990036010742
27.918193817138672,20.95499992370605,26.087438583374023,77.733642578125,39.94303512573242
28.227670669555664,21.551000595092773,26.327301025390625,77.09664154052734,40.86651992797852
29.19647789001465,21.261999130249023,26.489532470703125,80.50059509277344,41.43616485595703
29.723485946655277,21.381500244140625,26.87819480895996,80.16219329833984,40.7411994934082
29.216665267944336,21.46150016784668,26.480077743530277,78.81853485107422,40.70647430419922
29.01034164428711,21.53899955749512,26.70849609375,81.66512298583984,40.272117614746094
28.90269470214844,21.53849983215332,26.70799827575684,81.77459716796875,40.48929214477539
28.61564064025879,21.363000869750977,26.28301239013672,80.67975616455078,39.81171417236328
28.617883682250977,21.81450080871582,26.78264617919922,84.34249114990234,40.15918731689453
28.42502212524414,21.905000686645508,26.45917510986328,87.59715270996094,39.31654739379883
28.355499267578125,21.885499954223636,26.046630859375,86.88053894042969,38.56950759887695
26.92695617675781,21.71949958801269,25.911272048950195,85.47714233398438,38.67374801635742
28.44072151184082,23.059499740600582,27.878952026367188,89.33894348144531,39.75090789794922
29.322065353393555,24.399999618530277,32.958892822265625,97.928466796875,41.0713005065918
27.53246688842773,26.570499420166016,31.21515274047852,93.7282485961914,39.39475631713867
27.20280265808105,26.8075008392334,31.133039474487305,93.56901550292967,40.567474365234375
25.93598175048828,26.472999572753903,31.982515335083008,94.6738052368164,40.49797058105469
25.96076202392578,26.295499801635746,32.822540283203125,93.74817657470705,40.60222244262695
26.244609832763672,26.750999450683597,32.65184783935547,94.72356414794922,41.33340072631836
23.23042869567871,23.168500900268555,29.341524124145508,81.70492553710938,36.44545364379883
25.521472930908203,25.90049934387207,31.37041282653809,90.58308410644533,38.412872314453125
24.863672256469727,25.23600006103516,30.16960334777832,87.73649597167969,38.03688049316406
25.359277725219727,26.11199951171875,30.921043395996094,91.5485382080078,37.85324478149414
26.224340438842773,26.36949920654297,31.64909553527832,93.01163482666016,38.73639678955078
25.546260833740234,26.920000076293945,30.987728118896484,92.52392578125,38.38664627075195
25.32999420166016,25.202999114990234,29.604278564453125,88.7915267944336,37.85324478149414
24.865922927856445,26.62700080871582,31.19773292541504,91.63810729980467,39.84690475463867
24.667680740356445,26.65800094604492,31.80734634399414,92.03623962402344,41.49079132080078
24.8276309967041,27.241500854492188,32.404518127441406,93.62872314453124,40.8174934387207
25.62961196899414,28.04400062561035,32.36072540283203,96.54498291015624,41.77059555053711
25.969776153564453,30.430500030517575,35.47099304199219,103.28321838378906,47.436790466308594
26.920434951782227,31.295000076293945,35.37295913696289,101.49166870117188,46.02898788452149
27.35693359375,32.782501220703125,36.39014053344727,108.24983215332033,47.55046081542969
26.268722534179688,33.662498474121094,36.59666061401367,108.4986343383789,46.91212844848633
25.721216201782227,32.165000915527344,36.09404373168945,104.63684844970705,46.62973403930664
26.63974952697754,33.949501037597656,37.62081146240234,106.44830322265624,47.703704833984375
26.76418685913086,33.2400016784668,36.95497131347656,103.75101470947266,47.84456253051758
26.929338455200195,33.63199996948242,38.159759521484375,105.68191528320312,49.21783065795898
26.28229331970215,33.11600112915039,37.296348571777344,104.92548370361328,48.6544303894043
25.189558029174805,33.78850173950195,37.72581481933594,106.2890625,49.4115104675293
24.259714126586918,33.157501220703125,37.32322311401367,105.01506805419922,48.72486114501953
24.601327896118164,34.69850158691406,38.64695358276367,106.7568588256836,49.78122329711914
23.23710250854492,31.68950080871582,36.95397186279297,102.24810791015624,48.46077728271485
22.291414260864254,30.886999130249023,35.63272476196289,97.05259704589844,46.03993225097656
21.974681854248047,28.50900077819824,34.55881118774414,94.52449798583984,44.8867416381836
22.94525718688965,29.819000244140625,36.091552734375,97.48057556152344,46.0311279296875
21.28691291809082,31.76749992370605,36.375709533691406,108.59817504882812,45.82866668701172
21.7982120513916,26.55349922180176,36.176151275634766,112.16138458251952,45.916690826416016
21.607141494750977,24.103500366210938,33.745662689208984,99.07306671142578,43.38141250610352
21.982465744018555,26.05500030517578,34.38712692260742,101.13335418701172,45.29767990112305
22.037059783935547,27.975000381469727,35.15648651123047,106.65733337402344,46.680809020996094
22.043886184692383,27.761499404907227,35.08730697631836,107.41374969482422,45.48387908935547
23.08796119689941,28.874500274658203,35.45307540893555,109.0659637451172,46.41482925415039
23.001523971557617,27.973499298095703,35.09577178955078,107.00568389892578,46.84927749633789
23.788558959960938,28.85099983215332,36.24483108520508,110.15084838867188,47.51424407958984
24.09109115600586,27.698999404907227,36.92958068847656,111.32532501220705,47.75363159179688
23.92731475830078,28.99349975585937,36.50359725952149,113.1566925048828,47.46990585327149
25.019153594970703,29.924999237060547,37.31874084472656,115.51556396484376,49.26976776123047
24.689327239990234,29.57150077819824,36.83950805664063,113.10693359375,48.28561019897461
25.48546600341797,30.74099922180176,37.4088134765625,109.99160766601562,49.074703216552734
24.31856155395508,31.395000457763672,37.51879501342773,111.76325225830078,49.99679183959961
23.902292251586918,31.309999465942383,35.98705291748047,109.5835189819336,46.20203399658203
21.32281494140625,32.97949981689453,34.487152099609375,117.02845001220705,44.21599197387695
21.33820533752441,32.954498291015625,34.90616989135742,117.25736236572266,44.27806091308594
21.1711483001709,35.6614990234375,35.59590148925781,118.95934295654295,45.26221466064453
21.395421981811523,34.76350021362305,35.14503479003906,116.79952239990234,45.09668350219727
22.06824111938477,34.837501525878906,35.0460090637207,115.4260025024414,44.66810607910156
22.96534919738769,35.61199951171875,36.46030426025391,118.81999206542967,46.71269607543945
22.409236907958984,36.277000427246094,35.94674301147461,117.91426849365234,46.23949432373047
22.805156707763672,36.38249969482422,36.25727081298828,118.00383758544922,46.08771133422852
22.23073005676269,35.7130012512207,35.776546478271484,114.06241607666016,44.364540100097656
21.94924545288086,35.79100036621094,34.632965087890625,113.8434600830078,45.70378875732422
21.06358528137207,34.56800079345703,33.25548553466797,108.4588394165039,43.239593505859375
21.94466209411621,36.28400039672852,34.795692443847656,113.6543426513672,45.67700958251953
22.125459671020508,37.29050064086914,35.11518096923828,116.6900405883789,46.69483184814453
22.608341217041016,37.060001373291016,35.877567291259766,116.73980712890624,47.980499267578125
22.876096725463867,37.2859992980957,36.88479995727539,121.34807586669922,49.91793441772461
22.1231689453125,36.77949905395508,36.746952056884766,120.65137481689452,50.67683029174805
24.269805908203125,38.387001037597656,38.46182632446289,123.72686767578124,50.51611328125
24.730318069458008,38.29899978637695,38.92662811279297,124.5629425048828,51.74822998046875
24.8338565826416,38.5620002746582,39.0575065612793,124.3141098022461,52.051795959472656
25.130674362182617,38.23149871826172,38.811668395996094,123.7865982055664,51.71139907836914
25.04553604125977,38.122501373291016,38.42201232910156,123.7865982055664,52.00786209106445
24.57845115661621,38.56449890136719,38.42549514770508,125.9464111328125,52.196533203125
24.78783416748047,38.62200164794922,38.39116287231445,125.91655731201172,51.81021881103516
23.729406356811523,38.00699996948242,37.80394744873047,126.5037841796875,50.49856185913086
26.59175491333008,38.484500885009766,38.40609359741211,127.74794006347656,51.37900161743164
26.126972198486328,39.48699951171875,38.6280403137207,129.33047485351562,51.89108276367188
26.02113342285156,40.80550003051758,38.9659423828125,128.0863494873047,52.061771392822266
25.88997840881348,41.83700180053711,38.445899963378906,128.16595458984375,51.58563232421875
26.24431800842285,41.97150039672852,38.5713119506836,128.3849334716797,51.92701721191406
26.91619110107422,41.4640007019043,38.72607803344727,127.2204132080078,51.13641357421875
26.94840431213379,40.884498596191406,39.88608169555664,129.4996795654297,51.6844367980957
27.208406448364254,41.75899887084961,40.19312286376953,131.66943359375,54.79288101196289
26.12467193603516,39.49100112915039,39.04207611083984,130.3755340576172,53.83160400390625
25.17182159423828,37.75249862670898,37.92139053344727,120.18357849121094,52.74454116821289
24.92898368835449,37.11899948120117,37.94825744628906,120.23334503173828,52.73556518554688
25.43777847290039,37.324501037597656,38.04380416870117,115.79425811767578,53.95105743408203
25.856386184692383,39.26649856567383,38.232418060302734,120.9001922607422,55.28061294555664
25.777751922607425,38.1259994506836,38.36030960083008,120.30301666259766,55.25348663330078
25.23426055908203,37.96799850463867,37.94626998901367,116.879150390625,54.46660614013672
26.353626251220703,38.43299865722656,39.27846145629883,119.11859130859376,56.049415588378906
26.786108016967773,38.04999923706055,39.70444488525391,120.00442504882812,56.60113906860352
27.07288360595703,38.52999877929688,39.54071807861328,118.4815902709961,57.46942138671875
27.00350570678711,38.60649871826172,39.06745910644531,116.3715362548828,56.971954345703125
26.83235740661621,37.85900115966797,39.15952301025391,118.13324737548828,56.34787368774414
27.5469970703125,39.79499816894531,40.0498046875,123.76667785644533,56.637306213378906
27.752826690673828,40.48600006103516,40.04085159301758,127.27017211914062,56.55590057373047
27.77133178710937,40.89400100708008,40.77238082885742,128.3251953125,56.944820404052734
28.20381164550781,41.78850173950195,40.97144317626953,131.55995178222656,59.495399475097656
29.725595474243164,41.997501373291016,39.738277435302734,130.22622680664062,57.13476943969727
30.5373649597168,40.98550033569336,40.22846221923828,133.5704803466797,57.28853225708008
31.361940383911133,41.81949996948242,40.8291130065918,133.2221221923828,58.75506210327149
31.752174377441406,42.821998596191406,41.38697052001953,133.0927276611328,58.6822624206543
31.80558013916016,42.43199920654297,41.26853561401367,135.77012634277344,58.4456787109375
32.46757507324219,42.49399948120117,41.258583068847656,136.5265350341797,58.46387481689453
32.21207427978516,42.650001525878906,41.7363166809082,137.59153747558594,58.90065383911133
32.62553405761719,42.64849853515625,42.16030883789063,139.06460571289062,58.91884994506836
32.48151016235352,42.15999984741211,41.32725524902344,137.86024475097656,58.42748260498047
32.72309494018555,42.34099960327149,40.78233337402344,139.66177368164062,59.23733139038086
33.36881256103516,44.32699966430664,41.28246688842773,141.38365173339844,59.92887496948242
33.36881256103516,44.91400146484375,41.1988639831543,140.5077667236328,59.81060028076172
32.93678283691406,44.811500549316406,41.02170181274414,138.92523193359375,59.35562896728516
32.67662048339844,44.959999084472656,41.712928771972656,141.60263061523438,59.182743072509766
33.57088851928711,45.38100051879883,43.40939331054688,145.80284118652344,61.80337524414063
34.04704666137695,47.4114990234375,45.41340255737305,151.7448272705078,63.15918350219727
34.59987258911133,46.70750045776367,46.137969970703125,149.53524780273438,62.786094665527344
35.90652084350586,47.38100051879883,46.31064987182617,149.336181640625,62.294734954833984
35.04356384277344,47.23799896240234,45.76423645019531,144.1705322265625,61.75495147705078
35.871543884277344,48.57699966430664,47.21735763549805,147.37542724609375,62.853153228759766
35.84122467041016,49.834999084472656,48.56398010253906,151.66519165039062,64.43636322021484
35.9018669128418,50.56700134277344,48.95214080810547,152.90931701660156,66.14772033691406
34.74736022949219,48.91550064086914,47.26762008666992,148.8982391357422,64.35401153564453
33.65347671508789,48.20849990844727,46.89339447021485,149.09730529785156,63.96962356567383
34.022003173828125,50.11149978637695,47.7463493347168,153.1880340576172,64.3082504272461
33.52286911010742,48.8390007019043,46.14792251586914,149.87364196777344,63.33819961547852
33.46922302246094,47.68299865722656,44.72317123413086,147.7337188720703,62.38640975952149
33.83307266235352,49.82350158691406,46.221073150634766,152.77993774414062,64.0428695678711
34.7613410949707,50.09049987792969,47.57416915893555,159.2196044921875,66.60531616210938
35.064544677734375,51.435001373291016,48.179298400878906,163.75820922851562,67.92312622070312
35.792240142822266,52.63999938964844,47.166595458984375,164.83314514160156,67.7675552368164
34.996910095214844,49.80950164794922,46.32209777832031,169.06320190429688,66.42225646972656
37.04005432128906,49.61349868774414,46.24893951416016,171.17324829101562,66.25753784179688
36.87408828735352,48.39950180053711,45.50397491455078,167.29156494140625,66.34904479980469
36.96305847167969,48.02849960327149,45.33427429199219,166.12704467773438,66.6105728149414
37.45945739746094,47.900001525878906,46.13149642944336,167.91860961914062,66.90496063232422
38.14553451538086,47.70299911499024,45.84734344482422,167.26168823242188,67.2085952758789
37.9511947631836,48.26350021362305,46.20365905761719,169.919189453125,67.72379302978516
37.81538391113281,48.89799880981445,46.235008239746094,172.69607543945312,68.78184509277344
37.4360466003418,49.339500427246094,45.79757690429688,170.8348388671875,69.28784942626953
35.91641616821289,48.23249816894531,46.402713775634766,170.3073272705078,68.27582550048828
36.11309051513672,47.54349899291992,47.00187683105469,166.8934326171875,67.94459533691406
36.171630859375,47.85499954223633,47.66374206542969,169.16275024414062,68.32181549072266
36.49008560180664,49.54949951171875,48.61970901489258,171.69082641601562,70.18950653076172
36.75935745239258,50.14699935913086,49.25072860717773,172.9250030517578,71.29353332519531
36.52287292480469,49.33050155639648,48.990455627441406,173.74114990234375,71.6799545288086
36.62355041503906,48.64550018310547,48.43707656860352,169.7997283935547,72.34236145019531
39.580867767333984,55.26399993896485,50.59237289428711,179.21536254882812,76.52852630615234
40.80079650878906,56.03300094604492,51.05318832397461,179.3248291015625,77.71536254882812
41.046180725097656,56.26750183105469,51.16117477416992,177.62286376953125,77.16336059570312
40.207252502441406,56.86449813842773,51.38163375854492,178.74755859375,76.93136596679688
41.11431884765625,57.80799865722656,51.55381774902344,180.0215606689453,76.84815216064453
39.82655334472656,58.0634994506836,50.84218215942383,174.30848693847656,77.06079864501953
39.8641471862793,57.07849884033203,50.02058029174805,172.01927185058594,75.44266510009766
40.57617950439453,58.44599914550781,51.80960464477539,178.20013427734375,78.80840301513672
40.88166809082031,58.95700073242188,52.95866012573242,179.3347930908203,80.30634307861328
41.126075744628906,58.73799896240234,52.9307975769043,176.6175994873047,79.05805969238281
40.20255279541016,59.30500030517578,52.159950256347656,177.08538818359375,79.261474609375
40.66078567504883,60.47949981689453,54.06393051147461,183.4653167724609,80.54676055908203
40.95687103271485,62.71649932861328,54.87060546875,186.9588623046875,81.20329284667969
42.08719253540039,64.75,56.33218765258789,176.7668914794922,83.34847259521484
41.60309982299805,68.12699890136719,58.22273254394531,188.46177673339844,84.97586822509766
39.469364166259766,70.88400268554688,58.50190353393555,185.10757446289065,86.84366607666016
37.7163200378418,71.49749755859375,55.33292007446289,189.3874053955078,84.86490631103516
36.4591178894043,67.5250015258789,49.839935302734375,170.77513122558594,78.60498046875
39.49108123779297,72.55249786376953,53.23286437988281,178.67788696289062,84.3624267578125
40.36409759521485,74.14600372314453,55.30504989624024,177.075439453125,84.99412536621094
42.09125518798828,75.5989990234375,55.65091323852539,180.6087951660156,87.51173400878906
41.72080993652344,76.18049621582031,54.289363861083984,179.5537567138672,86.9914779663086
42.46641540527344,78.94450378417969,57.72856521606445,184.36111450195312,89.68557739257812
42.15260696411133,79.11599731445312,57.208038330078125,182.99752807617188,87.49312591552734
40.41129684448242,79.09300231933594,54.286869049072266,168.5954132080078,85.91386413574219
39.71995162963867,74.85250091552734,50.01809310913086,151.50596618652344,83.1175765991211
39.73175811767578,69.60250091552734,50.43163299560547,155.37771606445312,83.34052276611328
40.12342071533203,70.30400085449219,50.53315353393555,157.1891632080078,84.32524871826172
41.22768020629883,71.53949737548828,51.22089767456055,163.74826049804688,86.47126007080078
40.77229690551758,77.84549713134766,54.12862014770508,167.3114776611328,89.28614044189453
38.61334228515625,73.00849914550781,50.818302154541016,158.94091796875,85.75592803955078
39.89927673339844,79.11299896240234,51.621002197265625,173.04443359375,88.25493621826172
43.68864059448242,80.00700378417969,52.49087905883789,177.1351776123047,89.3883285522461
44.6695442199707,80.14550018310547,54.65413284301758,186.11285400390625,90.7632293701172
44.290565490722656,79.08799743652344,53.675270080566406,182.8979949951172,89.73843383789062
44.61507415771485,80.09300231933594,53.730010986328125,186.0232696533203,92.05233764648438
44.41136932373047,81.24449920654297,53.13831329345703,186.78965759277344,92.32291412353516
45.78752136230469,84.81749725341797,56.71437454223633,192.03494262695312,95.34593200683594
45.29485702514648,84.45600128173828,56.23315048217773,190.6415100097656,94.28227996826172
44.72875595092773,85.79850006103516,57.34140396118164,194.9312896728516,93.42388916015624
43.928165435791016,86.51100158691406,57.61013412475586,200.5547790527344,94.36624908447266
43.62025833129883,83.02549743652344,54.93878555297852,194.9213409423828,91.00735473632812
43.56340789794922,84.697998046875,54.884544372558594,191.82591247558597,92.4162139892578
45.0864143371582,87.15350341796875,57.37026596069336,202.585205078125,95.28062438964844
45.21905899047852,91.12449645996094,58.91395568847656,206.2579040527344,97.8837432861328
45.34459686279297,90.68499755859376,58.96620559692383,208.9552001953125,99.15267181396484
46.00070571899414,90.4000015258789,63.11754608154297,175.43316650390625,102.2782974243164
47.727420806884766,89.8584976196289,60.71293640136719,170.8448028564453,99.16200256347656
49.05619430541992,93.1240005493164,61.81820297241211,182.94776916503903,101.58785247802734
49.646575927734375,94.80999755859376,61.45940017700195,179.2053985595703,100.96273803710938
51.71688079833984,94.11100006103516,59.764923095703125,172.98472595214844,100.76119232177734
51.22010040283203,95.1449966430664,59.98488235473633,172.08892822265625,100.74246215820312
53.00041198730469,99.90499877929688,62.1705322265625,175.07485961914062,104.91975402832033
53.925025939941406,99.74099731445312,59.04433822631836,166.395751953125,101.61351776123048
53.20720291137695,99.35749816894533,58.59048843383789,165.16159057617188,104.18920135498048
51.78818130493164,95.40149688720705,57.5300178527832,159.8267364501953,105.03216552734376
51.73588943481445,95.75050354003906,58.02964782714844,162.16571044921875,107.01781463623048
53.46865463256836,100.64900207519533,59.45041275024414,168.0479736328125,107.15829467773438
55.1610221862793,97.63800048828124,59.863956451416016,161.66806030273438,107.87012481689452
53.925025939941406,93.51599884033205,56.67257690429688,157.1593017578125,105.14456176757812
51.6645736694336,88.04750061035156,54.35504531860352,152.79986572265625,100.77989959716795
52.12807846069336,88.20149993896484,54.5645637512207,153.32736206054688,101.77275848388672
52.24455261230469,89.1084976196289,54.520267486572266,150.24191284179688,101.4355697631836
52.0211181640625,79.90049743652344,53.58469772338867,151.07797241210938,100.03998565673828
48.43436050415039,82.1405029296875,52.54164123535156,149.23663330078125,100.892333984375
46.31356048583984,81.84249877929688,51.68668746948242,140.88601684570312,100.0962142944336
46.16090393066406,79.67050170898438,52.82429504394531,138.87550354003906,101.86436462402344
41.09471893310547,75.10299682617188,50.9526596069336,131.112060546875,96.9541244506836
42.826393127441406,83.67849731445312,54.15848159790039,138.0294647216797,103.6516571044922
41.67433547973633,84.95950317382812,53.1845932006836,138.97500610351562,102.71097564697266
40.33383941650391,83.177001953125,52.93328475952149,143.82215881347656,102.60749816894533
39.61112594604492,77.5739974975586,51.19302749633789,142.98611450195312,97.80069732666016
35.02198791503906,67.197998046875,48.580902099609375,123.47804260253906,88.5445785522461
37.6242561340332,75.09850311279297,51.53639602661133,130.4750518798828,95.54310607910156
35.28435134887695,81.47550201416016,53.16767120361328,137.4024200439453,96.0040283203125
36.32430648803711,82.02799987792969,52.61030960083008,143.1254425048828,96.70013427734376
37.17582321166992,84.66100311279297,54.23810195922852,147.60435485839844,99.82312774658205
36.42211151123047,82.74649810791016,53.441871643066406,145.14593505859375,99.89837646484376
39.41552734375,83.52149963378906,54.1963005065918,149.71438598632812,100.06769561767578
41.545528411865234,82.94049835205078,57.02938079833984,170.3571014404297,100.85785675048828
40.585880279541016,79.55000305175781,54.49239730834961,165.01229858398438,99.0047378540039
40.82302474975586,80.39749908447266,55.42000579833984,161.7377166748047,101.79853057861328
41.433876037597656,81.5780029296875,55.256778717041016,161.13058471679688,104.83114624023438
41.47698211669922,81.99150085449219,55.73202896118164,160.69265747070312,105.83248901367188
41.805152893066406,83.44750213623047,57.62009048461914,171.70077514648438,105.56800079345705
43.33584213256836,83.65499877929688,59.37875747680664,171.11354064941406,107.33454132080078
45.03899002075195,87.10749816894531,58.933860778808594,159.7172393798828,111.06603240966795
45.76482009887695,88.2385025024414,59.9908561706543,163.56910705566406,110.57479095458984
45.2066650390625,88.6709976196289,58.14907836914063,164.77340698242188,110.4614486694336
46.79485321044922,91.03500366210938,60.011756896972656,172.7259521484375,113.33325958251952
47.78894805908203,91.79199981689452,59.58029556274414,176.7469940185547,112.6814422607422
47.72428131103516,92.24349975585938,60.767181396484375,178.80726623535156,114.35352325439452
48.99385452270508,94.3655014038086,62.14764022827149,180.5888671875,116.91361236572266
48.938758850097656,97.53150177001952,63.30914306640625,190.59173583984372,122.70451354980467
50.100547790527344,95.04100036621094,57.85646438598633,191.6268615722656,119.2280731201172
48.60340118408203,95.88849639892578,58.03860092163086,188.65087890625,118.5667953491211
45.3663330078125,92.00599670410156,55.757904052734375,179.88221740722656,117.8299560546875
44.02693939208984,92.94850158691406,56.67406463623047,181.8628692626953,119.67890167236328
43.03622055053711,91.16400146484376,56.40633392333984,180.21067810058597,119.69786071777344
42.098419189453125,88.75350189208984,54.92136764526367,176.6374969482422,117.27051544189452
44.53913497924805,87.71800231933594,51.97084045410156,167.54039001464844,121.19595336914062
46.69612121582031,92.76599884033205,53.59763717651367,174.21890258789062,124.67575073242188
47.72050094604492,95.06849670410156,54.91987228393555,187.58590698242188,128.1555938720703
47.75175857543945,95.69499969482422,55.513065338134766,191.696533203125,130.6398162841797
47.593048095703125,94.68150329589844,53.79072570800781,192.09466552734372,127.01778411865234
49.110389709472656,97.14550018310548,56.312774658203125,195.47869873046875,129.95712280273438
48.5140380859375,100.05349731445312,56.940799713134766,200.2860412597656,131.22769165039062
48.89878463745117,99.60150146484376,57.04729461669922,200.85337829589844,129.20809936523438
50.21894073486328,99.72450256347656,57.04033660888672,201.4107666015625,132.0715789794922
50.42092514038086,95.62249755859376,61.67836380004883,195.0208740234375,133.72137451171875
49.05989837646485,91.16200256347656,59.41807174682617,188.13333129882807,129.80538940429688
48.91802215576172,91.64450073242188,59.95602035522461,189.2679901123047,131.69232177734375
48.93974304199219,88.14800262451172,57.940067291259766,178.8669891357422,127.45978546142578
50.77665328979492,90.06900024414062,58.85572814941406,182.94776916503903,130.58013916015625
49.842506408691406,88.44349670410156,58.168983459472656,179.51394653320312,128.8582305908203
50.3856086730957,88.81449890136719,59.12495422363281,184.79904174804688,131.15097045898438
51.47665023803711,91.67549896240234,59.96248626708984,186.6105194091797,132.3306121826172
53.84941101074219,92.17749786376952,61.42157745361328,186.59060668945312,130.8275146484375
53.77216339111328,90.8730010986328,61.33001327514648,187.2574462890625,131.77882385253906
52.54354095458984,87.08049774169922,60.65073013305664,180.42962646484372,130.69432067871094
54.061805725097656,86.79550170898438,60.66267776489258,177.24464416503906,132.26402282714844
54.79561614990234,86.98249816894531,60.16503143310547,179.603515625,131.3983154296875
55.5390739440918,86.01300048828125,60.14860916137695,179.1855010986328,132.3306121826172
56.572174072265625,88.87149810791016,61.88886260986328,188.66085815429688,133.5768585205078
57.921485900878906,88.2864990234375,61.84706497192383,181.48464965820312,129.73345947265625
60.11562728881836,88.85399627685547,64.19593811035156,188.5115509033203,137.17286682128906
61.74977493286133,89.5719985961914,63.38677215576172,192.71176147460935,136.7257537841797
62.80915069580078,89.41000366210938,65.1344985961914,189.52674865722656,137.23947143554688
64.02936553955078,87.65550231933594,64.59405517578125,192.2837677001953,140.14100646972656
64.47000122070312,87.6395034790039,65.46294403076172,198.385009765625,143.07115173339844
64.48936462402344,88.69200134277344,65.02650451660156,198.852783203125,144.3598175048828
63.95430755615234,89.08000183105469,64.19195556640625,198.7632293701172,142.7561798095703
65.54006958007812,87.58000183105469,66.71500396728516,200.10690307617188,144.85621643066406
65.72166442871094,88.0165023803711,67.19522857666016,195.82708740234372,146.278564453125
67.72628784179688,89.20149993896484,67.31217193603516,201.55007934570312,147.357177734375
68.8230209350586,89.46050262451172,66.86131286621094,204.1578063964844,150.23046875
71.0939712524414,92.39199829101562,66.53585815429688,204.2871856689453,150.5359649658203
72.24154663085938,95.34300231933594,69.33857727050781,212.06056213378903,150.42135620117188
76.73741912841797,94.56500244140624,71.62226104736328,220.8690490722656,155.86236572265625
77.16593933105469,93.23600006103516,73.67056274414062,221.0979461669922,159.50894165039062
77.06427764892578,93.08200073242188,72.98979187011719,216.9176788330078,157.5424346923828
78.41036224365234,93.53399658203124,72.4488525390625,208.54710388183597,164.9308624267578
77.82447052001953,101.99349975585938,72.07013702392578,209.12440490722656,171.72743225097656
77.5626449584961,107.54000091552734,75.08386993408203,206.2180938720703,176.06109619140625
77.41461944580078,107.78350067138672,75.62530517578125,216.7783203125,178.72439575195312
72.36202239990234,100.4645004272461,70.74441528320312,199.7784423828125,163.57225036621094
66.33873748779297,94.1875,66.65081787109375,191.5671539306641,155.07254028320312
71.0855484008789,96.20149993896484,65.6410903930664,184.3013916015625,159.1501007080078
66.84107208251953,91.04299926757812,60.48401641845703,169.44143676757812,147.0513458251953
61.36382293701172,90.39199829101562,55.72605514526367,148.71910095214844,140.29368591308594
54.44988250732422,95.1415023803711,52.58195114135742,147.40528869628906,130.15711975097656
60.12129974365234,95.00499725341795,55.27369689941406,156.05450439453125,143.28965759277344
59.43936538696289,95.94149780273438,55.777809143066406,157.4479522705078,148.611572265625
64.56961059570312,102.1500015258789,60.22872924804688,173.4624786376953,158.0589141845703
69.02520751953125,115.38400268554688,62.825927734375,176.13986206054688,164.5198974609375
65.12776947021484,116.40599822998048,60.530303955078125,169.998779296875,160.6337127685547
68.71943664550781,118.8000030517578,63.49326705932617,186.62045288085935,166.59695434570312
70.1512222290039,114.302001953125,65.71923065185547,201.3211669921875,167.09466552734375
73.71134185791016,118.38050079345705,68.30448150634766,210.2689971923828,175.7379913330078
74.86231231689453,118.39600372314452,67.14845275878906,204.1378936767578,172.05288696289062
76.19822692871094,122.46649932861328,68.35050964355469,215.86264038085935,175.76678466796875
77.07180786132812,121.09300231933594,70.5169906616211,231.1107635498047,174.2790069580078
78.31768035888672,123.552001953125,71.2535171508789,230.82212829589844,175.4883575439453
80.66586303710938,124.1500015258789,71.5804672241211,229.6874847412109,179.68287658691406
81.73654174804688,127.89800262451172,69.86109924316406,223.3772125244141,178.7902374267578
85.55448913574219,132.0489959716797,72.21395874023438,234.4251251220703,186.44021606445312
89.18993377685547,138.2205047607422,72.87532806396484,241.1036834716797,193.80224609375
88.03407287597656,134.0189971923828,69.41969299316406,219.60501098632807,190.4715576171875
90.97115325927734,152.8520050048828,74.43244934082031,239.1528778076172,202.2392578125
93.36315155029295,160.0,76.72359466552734,243.92041015625,205.08995056152344
93.94957733154295,149.9949951171875,75.54219818115234,239.79981994628903,195.7314910888672
94.67958068847656,154.99549865722656,78.0547866821289,238.74478149414065,203.24708557128903
90.7667465209961,150.01649475097656,74.66336059570312,229.04054260253903,193.9078063964844
106.0336456298828,155.59449768066406,73.37496185302734,250.778076171875,207.84469604492188
108.34566497802734,158.3730010986328,74.37223815917969,267.1807861328125,203.94778442382807
112.14613342285156,158.05099487304688,75.56459045410156,260.0742492675781,200.31956481933597
112.82623291015624,163.0240020751953,77.01173400878906,261.35821533203125,201.76597595214844
121.71670532226562,167.32449340820312,80.03192901611328,279.50274658203125,208.27980041503903
125.82674407958984,172.54800415039062,81.32380676269531,291.8246459960937,216.9970245361328
117.94794464111328,164.7310028076172,79.1769790649414,281.4037780761719,206.1438140869141
109.2110595703125,155.81100463867188,75.67756652832031,265.3593444824219,196.3105010986328
107.5923843383789,150.43649291992188,74.42399597167969,253.6246795654297,195.23287963867188
104.4525909423828,149.9929962158203,70.42693328857422,247.8518829345703,193.0006103515625
111.24899291992188,157.24400329589844,73.12016296386719,260.5619812011719,199.41824340820312
113.5989990234375,159.9600067138672,73.95074462890625,263.4085693359375,202.42022705078125
114.05729675292967,164.33250427246094,75.40385437011719,263.2095031738281,207.644775390625
117.70416259765624,166.9324951171875,77.58899688720703,265.46881103515625,211.34909057617188
113.95980072021484,159.2469940185547,79.2899398803711,277.4224853515625,206.6729736328125
113.69652557373048,164.31649780273438,79.8348617553711,281.9611511230469,205.1816253662109
106.0615005493164,150.2239990234375,80.91822814941406,260.13397216796875,194.67481994628903
115.93415069580078,165.56849670410156,87.6722412109375,292.0336608886719,215.25552368164065
116.44206237792967,155.51400756835938,87.07954406738281,273.7896423339844,207.28880310058597
115.28946685791016,155.2729949951172,86.9272689819336,270.6942138671875,203.6254425048828
112.49585723876952,155.9029998779297,88.02706146240234,275.6210021972656,206.3072509765625
119.87056732177734,161.00399780273438,89.48117065429688,285.205810546875,208.5742950439453
120.8766632080078,157.89999389648438,90.54513549804688,284.2403259277344,206.7220764160156
119.5677719116211,155.8209991455078,88.66852569580078,272.26678466796875,205.72845458984372
125.7117156982422,161.8040008544922,86.98300170898438,273.1924133300781,211.6708984375
127.91921997070312,159.2635040283203,86.21066284179688,266.852294921875,213.21441650390625
130.6151580810547,164.29249572753906,86.56597900390625,270.5946655273437,213.85110473632807
123.6604995727539,156.91900634765625,86.35548400878906,262.0748596191406,204.754150390625
125.8094253540039,156.04150390625,86.91583251953125,249.9121551513672,207.3394927978516
124.86190795898438,156.03799438476562,89.12088012695312,259.8752136230469,208.796142578125
139.60153198242188,164.6999969482422,94.52230072021484,276.70587158203125,221.42385864257807
128.89605712890625,160.30999755859375,91.35430145263672,257.11822509765625,223.7680206298828
134.19992065429688,166.5500030517578,102.63238525390624,265.2398986816406,233.463134765625
132.44398498535156,164.32899475097656,104.27509307861328,270.5946655273437,234.2445373535156
127.99298858642578,165.4320068359375,105.9138412475586,272.2867126464844,236.11834716796875
123.1213607788086,159.72500610351562,103.0548858642578,264.61285400390625,225.5500946044922
125.00938415527344,157.3070068359375,103.58487701416016,263.6673583984375,229.09860229492188
118.77796936035156,150.0229949951172,104.93000793457033,263.040283203125,223.93536376953125
119.3062515258789,155.67950439453125,105.24002838134766,272.5952453613281,229.28233337402344
122.0453109741211,156.7864990234375,104.06111145019533,282.677734375,229.19528198242188
119.87361145019533,156.875,102.1641082763672,289.2666931152344,229.71743774414065
118.74862670898438,153.7864990234375,102.31290435791016,289.4557800292969,227.4549102783203
123.1604995727539,161.3365020751953,110.75292205810548,307.4609375,240.82717895507807
130.1060028076172,168.61000061035156,113.75520324707033,310.9942626953125,247.3827972412109
131.5733642578125,168.95449829101562,114.29166412353516,306.3760681152344,250.91200256347656
130.5951385498047,168.1009979248047,114.12395477294922,300.05584716796875,251.95626831054688
131.4657745361328,170.8715057373047,114.81220245361328,302.14599609375,253.30026245117188
129.656005859375,169.32449340820312,119.19393157958984,321.0667724609375,243.5248565673828
127.59307861328124,164.58050537109375,119.36911010742188,317.583251953125,244.1049652099609
122.4583969116211,158.07350158691406,112.56533813476562,303.8280639648437,234.98709106445312
122.18402862548828,161.58999633789062,114.89132690429688,312.11895751953125,235.61691284179688
124.349609375,162.95249938964844,119.88566589355467,326.2523803710937,243.95152282714844
121.78226470947266,160.9324951171875,120.91777801513672,327.5860595703125,239.76483154296875
123.36969757080078,159.90049743652344,122.72321319580078,335.0010986328125,245.9770050048828
124.79053497314452,167.3415069580078,125.1039581298828,329.7060852050781,249.93109130859372
129.1413116455078,174.46200561523438,125.7752685546875,334.93145751953125,252.8481903076172
131.012939453125,175.1909942626953,125.86534118652344,338.9923095703125,257.0833435058594
133.59005737304688,172.40699768066406,125.4244384765625,350.2393493652344,263.02410888671875
139.16571044921875,183.78700256347656,129.1592254638672,351.1251220703125,269.0909423828125
141.59588623046875,185.9275054931641,129.94850158691406,351.5033569335937,268.761474609375
143.4479217529297,178.68150329589844,131.22396850585938,339.5596618652344,272.0855407714844
143.8496551513672,181.9015045166016,132.6999969482422,349.5426025390625,277.309326171875
142.06622314453125,181.51600646972656,135.73858642578125,371.5289611816406,277.3867492675781
144.3983917236328,168.31199645996094,135.63755798339844,349.59234619140625,278.25897216796875
143.36842346191406,167.093505859375,137.3514404296875,359.9136657714844,279.431640625
146.32232666015625,164.69850158691406,137.7535400390625,361.4763793945313,283.81219482421875
143.967041015625,159.3874969482422,136.26806640625,353.45416259765625,288.1618347167969
145.59616088867188,164.95899963378906,142.276123046875,366.6618957519531,293.24981689453125
149.00148010253906,173.5395050048828,144.77627563476562,377.6003723144531,293.1235656738281
153.7709503173828,175.46449279785156,144.83299255371094,380.3872375488281,291.4728698730469
146.7639617919922,172.85850524902344,142.7886962890625,374.7438049316406,288.3753356933594
143.33892822265625,173.12600708007812,140.796630859375,363.0091552734375,291.171875
144.09461975097656,170.8000030517578,141.1579132080078,344.33709716796875,290.870849609375
140.1691436767578,165.05599975585938,133.88685607910156,338.01690673828125,275.76220703125
138.481201171875,161.0500030517578,135.5350341796875,331.3981018066406,280.3841552734375
140.14950561523438,162.31500244140625,138.1929473876953,323.92333984375,285.6955261230469
142.1416778564453,170.4510040283203,141.00711059570312,323.23663330078125,295.3859558105469
146.6952667236328,171.75050354003906,142.10740661621094,340.2762756347656,301.7460021972656
146.07699584960938,169.62449645996094,145.7372283935547,310.75543212890625,313.7960205078125
147.2252197265625,165.6374969482422,145.17539978027344,326.5409851074219,323.467041015625
147.8528594970703,174.44900512695312,148.64744567871094,337.0315856933594,327.2151184082031
147.41058349609375,176.25750732421875,148.94004821777344,339.2909240722656,326.9530029296875
155.1550750732422,184.8029937744141,149.99853515625,337.1012268066406,331.9772644042969
159.1550750732422,179.02049255371094,146.02584838867188,339.46014404296875,328.7087097167969
161.9364013671875,172.18600463867188,140.9503936767578,309.1429748535156,321.0918884277344
168.23617553710938,176.1645050048828,147.338623046875,321.2957458496094,325.80010986328125
172.71775817871094,169.5675048828125,146.01290893554688,332.9209289550781,330.1581726074219
168.1968536376953,170.0175018310547,142.1298065185547,332.2242126464844,314.9828796386719
173.24844360351562,171.06849670410156,146.4488525390625,333.6673889160156,325.57647705078125
175.1354217529297,168.64450073242188,145.31422424316406,342.74462890625,330.0803527832031
171.91184997558594,164.35699462890625,137.0045928955078,322.6493530273437,307.7649841308594
172.06910705566406,165.36199951171875,139.35743713378906,332.801513671875,306.4031677246094
166.87991333007812,158.91749572753906,135.64801025390625,316.6575927734375,294.4088134765625
158.840576171875,144.54400634765625,129.7574005126953,307.2618408203125,288.2998046875
167.4007568359375,143.97799682617188,132.66116333007812,300.294677734375,299.8661193847656
169.9265594482422,138.8455047607422,141.97802734375,236.6446990966797,293.0469665527344
173.4691619873047,161.1894989013672,140.7861785888672,230.91172790527344,302.7357788085937
170.03482055664062,156.510498046875,135.78237915039062,219.96331787109372,292.28826904296875
161.6999053955078,150.19749450683594,128.79246520996094,201.13206481933597,280.4641418457031
162.48712158203125,153.56300354003906,134.25511169433594,210.04006958007807,291.2549743652344
160.56822204589844,145.64100646972656,131.49916076660156,199.12152099609372,282.55010986328125
155.9923858642578,146.8175048828125,132.05654907226562,194.29429626464844,278.3878479003906
157.04530334472656,153.10400390625,133.06028747558594,202.6748046875,286.96600341796875
166.1281280517578,164.88900756835938,139.61619567871094,215.6337127685547,296.39208984375
172.80003356933594,168.99049377441406,141.2808380126953,222.5411529541016,302.8645935058594
171.5305938720703,163.55999755859375,140.03672790527344,223.79525756835935,301.616943359375
169.3952178955078,157.7845001220703,135.82168579101562,221.90415954589844,293.7698974609375
167.68295288085938,155.54100036621094,129.67181396484375,213.98150634765625,280.3666381835937
164.56350708007812,153.9980010986328,127.64093780517578,199.47984313964844,279.138427734375
154.29981994628906,139.39100646972656,118.94263458251952,180.10118103027344,263.4053955078125
155.44129943847656,124.5,116.60469818115234,210.1396331787109,277.296142578125
154.99957275390625,114.77249908447266,115.1147689819336,202.8141326904297,267.8017272949219
140.49298095703125,106.93049621582033,112.6275405883789,190.34292602539065,248.9104461669922
138.7781982421875,107.1125030517578,111.87113189697266,191.33822631835935,248.2493133544922
138.32489013671875,104.0999984741211,105.4266586303711,180.42962646484372,253.6622314453125
146.68191528320312,120.20950317382812,113.50141143798828,192.73165893554688,265.63104248046875
144.02105712890625,124.79000091552734,116.45889282226562,193.33880615234372,262.58270263671875
135.1417236328125,109.6500015258789,110.90221405029295,174.74642944335938,247.18435668945312
128.17420959472656,103.66000366210938,106.13330841064452,160.11537170410156,239.3484039306641
136.2651824951172,112.44000244140624,112.15328979492188,158.00531005859375,252.91964721679688
137.21127319335938,108.91999816894533,111.72730255126952,163.17098999023438,254.28753662109372
140.8477325439453,114.33000183105467,114.67037200927734,168.9736328125,260.1009826660156
143.74513244628906,109.22000122070312,114.3080825805664,162.50411987304688,247.8487243652344
144.93760681152344,113.76000213623048,109.39187622070312,166.44554138183594,248.41542053222656
151.8557891845703,122.41999816894533,107.84917449951172,168.47596740722656,254.38519287109372
155.0685577392578,122.27999877929688,114.0498046875,159.966064453125,270.0668640136719
163.72122192382812,139.52000427246094,118.22005462646484,168.0081787109375,275.98785400390625
162.75453186035156,137.8300018310547,116.94608306884766,167.7394256591797,275.8217163085937
170.9159698486328,143.17999267578125,122.30072021484376,180.0414581298828,286.7353820800781
169.2678680419922,138.22999572753906,117.56317138671876,167.172119140625,280.17681884765625
167.79742431640625,137.27999877929688,117.1451416015625,167.98826599121094,273.0292053222656
155.15562438964844,126.7699966430664,108.6354522705078,162.16571044921875,256.011962890625
153.91217041015625,129.47999572753906,109.95919036865234,159.6376495361328,252.70257568359372
151.8199920654297,126.81999969482422,104.81355285644533,152.41171264648438,246.7299041748047
152.4515838623047,124.66000366210938,103.36043548583984,147.32565307617188,239.41583251953125
148.4547882080078,113.77999877929688,98.70249938964844,139.75137329101562,232.95358276367188
140.6091766357422,114.8000030517578,97.62757873535156,135.77012634277344,232.54234313964844
144.4776611328125,120.9499969482422,101.73811340332033,138.32806396484375,243.99810791015625
137.15512084960938,112.20999908447266,97.58777618408205,127.9370346069336,220.7047271728516
140.54010009765625,113.79000091552734,100.30490112304688,133.41122436523438,232.5717315673828
145.33628845214844,119.31999969482422,101.0016098022461,129.40011596679688,237.06591796875
142.89869689941406,110.95999908447266,92.16346740722656,97.48057556152344,222.0167388916016
143.1256866455078,92.12000274658205,86.65953826904297,90.11528778076172,215.5055694580078
137.8966827392578,89.9800033569336,88.49087524414062,96.01747131347656,224.09251403808597
146.5757598876953,98.48999786376952,95.57730865478516,113.68419647216795,236.50782775878903
149.5511474609375,94.13999938964844,97.33895874023438,111.52438354492188,236.85031127929688
146.40773010253906,93.41000366210938,97.13990020751952,110.88739013671876,243.00672912597656
146.60540771484375,95.5,100.80255126953124,119.87503814697266,250.07632446289065
139.32012939453125,88.45999908447266,94.70144653320312,113.39556884765624,239.9432373046875
143.79808044433594,92.48999786376952,95.39813995361328,119.58639526367188,252.26593017578125
130.84861755371094,84.91999816894531,88.72974395751953,113.94298553466795,236.09425354003903
130.34446716308594,85.25,89.3866195678711,117.4862823486328,234.4054107666016
128.4366912841797,84.0,88.31172180175781,119.7754898071289,235.47569274902344
128.13023376464844,86.08000183105469,87.74440002441406,129.41009521484375,220.85540771484372
131.8766632080078,95.2699966430664,91.47673034667967,136.06869506835938,234.1894073486328
133.7152862548828,93.68000030517578,93.46730041503906,135.51132202148438,227.7285919189453
140.2295379638672,97.18000030517578,96.27400207519533,140.83624267578125,236.2513427734375
142.63162231445312,103.12999725341795,99.39920806884766,148.2711944580078,243.3209381103516
149.98614501953125,102.18000030517578,102.98223876953124,185.18719482421875,252.1186065673828
149.50230407714844,97.61000061035156,94.41281127929688,173.33306884765625,258.333984375
152.1753692626953,98.1500015258789,95.32848358154295,171.631103515625,258.0458984375
147.9084014892578,95.81999969482422,90.64068603515624,171.23297119140625,250.7814178466797
143.8592071533203,92.16999816894533,90.08332824707033,172.60650634765625,242.41448974609372
150.08641052246094,93.5500030517578,93.72607421875,183.64450073242188,250.17112731933597
148.9676971435547,92.43000030517578,91.2279052734375,180.05140686035156,249.9447021484375
153.45245361328125,98.9499969482422,101.97698974609376,194.6924285888672,275.05535888671875
157.3432159423828,98.70999908447266,105.7590789794922,203.3217315673828,273.3131103515625
159.16485595703125,100.25,101.4196319580078,204.38673400878903,276.1184387207031
163.97634887695312,103.9499969482422,104.62445068359376,213.71278381347656,282.6840209960937
159.194580078125,99.91999816894533,105.61974334716795,212.84683227539065,278.4021301269531
163.580322265625,102.73999786376952,105.91831970214844,217.83335876464844,284.2786560058594
163.3724365234375,106.95999908447266,105.41073608398438,211.891357421875,281.2862548828125
166.7285919189453,109.81999969482422,107.859130859375,237.44093322753903,300.0577087402344
165.77816772460938,103.6500015258789,105.61974334716795,235.9181060791016,299.6343994140625
170.05503845214844,106.62000274658205,107.43115997314452,232.2752685546875,302.1937561035156
170.58767700195312,111.1999969482422,116.40863800048828,237.73953247070312,304.6152648925781
173.65103149414062,116.25,122.66897583007812,244.4877471923828,314.04119873046875
171.49977111816406,115.0,123.7637939453125,251.5046539306641,321.51885986328125
178.53857421875,122.7699966430664,123.78369903564452,271.3312072753906,328.08892822265625
176.28814697265625,121.2300033569336,122.36044311523438,262.36346435546875,319.01318359375
181.7308349609375,126.66000366210938,123.84341430664062,270.0472717285156,329.7758178710937
183.41619873046875,125.77999877929688,123.26615142822266,282.9961853027344,333.485107421875
183.6739654541016,127.33000183105467,118.52859497070312,277.1637268066406,324.1627197265625
192.29901123046875,130.36000061035156,120.39973449707033,285.6338195800781,335.9414367675781
189.037353515625,129.77999877929688,119.57364654541016,289.1671447753906,332.6662292480469
188.8985748291016,134.3000030517578,124.24153137207033,311.9398193359375,338.0328063964844
193.41928100585935,135.36000061035156,122.2011947631836,314.5276794433594,350.2850952148437
191.95201110839844,129.1300048828125,122.2111587524414,293.08868408203125,346.2404479980469
194.7576446533203,133.67999267578125,132.48251342773438,317.10546875,331.3838195800781
180.42221069335935,139.57000732421875,127.93405151367188,309.2723999023437,323.353759765625
176.4368438720703,138.55999755859375,129.59617614746094,304.30584716796875,318.5692443847656
175.2852783203125,135.07000732421875,128.5013427734375,292.9095153808594,316.7425842285156
175.94049072265625,134.25,129.07861328125,286.2508850097656,318.779052734375
178.87896728515625,133.13999938964844,131.16871643066406,288.8984375,320.00494384765625
188.0814971923828,138.1199951171875,136.15512084960938,294.98974609375,324.90826416015625
176.88356018066406,138.22999572753906,136.55322265625,296.49267578125,330.4542541503906
174.46136474609375,144.72000122070312,138.3347930908203,310.2577514648437,334.8337097167969
174.21316528320312,135.2899932861328,133.95553588867188,298.2643127441406,317.1083679199219
170.70884704589844,125.9800033569336,128.83975219726562,297.5575561523437,308.576904296875
172.48580932617188,129.4600067138672,134.5327911376953,305.3807373046875,318.1265869140625
176.1986083984375,127.95999908447266,138.0760040283203,313.9503479003906,323.5242614746094
179.39517211914062,132.3300018310547,139.62863159179688,322.6393737792969,327.3797607421875
174.5605926513672,128.1300048828125,138.6234130859375,315.483154296875,326.3417358398437
172.1780548095703,128.55999755859375,139.45945739746094,311.0838317871094,326.7569580078125
169.0509796142578,132.7100067138672,125.15719604492188,301.240234375,333.45953369140625
175.36468505859375,138.60000610351562,129.75540161132812,313.1242980957031,348.7727355957031
181.0828094482422,140.60000610351562,131.06919860839844,319.0463256835937,356.5726623535156
186.887939453125,143.1999969482422,135.73709106445312,331.1492614746094,366.19189453125
189.5022430419922,143.89999389648438,137.96652221679688,335.3992614746094,369.5599060058594
189.26368713378903,147.02999877929688,137.96652221679688,337.3998107910156,379.099365234375
188.29946899414065,144.83999633789062,130.0142059326172,318.5188293457031,365.6668701171875
194.5419921875,147.4199981689453,135.99586486816406,331.1891174316406,370.708984375
196.9276580810547,147.4199981689453,132.5720672607422,331.6071472167969,362.4870910644531
193.6672515869141,152.1199951171875,139.00161743164062,347.6415710449219,367.1329650878906
191.99728393554688,153.33999633789062,140.77325439453125,356.1514587402344,370.550537109375
183.150390625,148.47000122070312,139.6983184814453,342.8541564941406,367.1131591796875
184.0350799560547,151.3699951171875,141.887939453125,355.7533264160156,372.25433349609375
182.53407287597656,153.16000366210938,143.4008026123047,365.73626708984375,386.5980529785156
192.73284912109372,154.77999877929688,147.01368713378906,379.9891052246094,392.7793884277344
191.2716064453125,159.1199951171875,153.0650177001953,392.2911682128906,400.1295471191406
185.74481201171875,159.27999877929688,142.03724670410156,392.9281005859375,399.98095703125
188.2795867919922,170.52999877929688,145.988525390625,467.3871765136719,410.1543273925781
184.1703643798828,168.63999938964844,145.6799774169922,457.9616394042969,402.4971008300781
180.7067108154297,167.0800018310547,141.52963256835938,469.53704833984375,399.7381591796875
180.30860900878903,174.72999572753906,138.09591674804688,479.9889221191406,404.4521484375
178.815673828125,178.22000122070312,137.42906188964844,500.4742126464844,412.3518371582031
168.20574951171875,176.82000732421875,134.60247802734375,510.3282470703125,406.0400085449219
170.3257598876953,176.55999755859375,140.10641479492188,493.7687072753906,411.9548950195313
175.2524871826172,175.89999389648438,147.22267150878906,494.4362182617188,418.2170715332031
170.0470733642578,179.7100067138672,150.43746948242188,501.1915893554688,419.6560668945313
169.23092651367188,180.97000122070312,155.76223754882812,489.5639953613281,421.3531188964844
168.78305053710938,185.07000732421875,153.2143096923828,525.4232177734375,422.2958984375
174.2173614501953,189.0500030517578,160.03201293945312,521.2584228515625,424.6876525878906
167.21044921875,181.27999877929688,156.14044189453125,492.3737487792969,408.7195739746094
166.11561584472656,179.5399932861328,159.16610717773438,494.2967529296875,404.48193359375
172.6846160888672,180.9600067138672,167.10848999023438,431.0474853515625,399.20220947265625
182.51817321777344,186.2100067138672,168.193359375,450.3171691894531,403.5788269042969
183.70260620117188,189.5,170.7711639404297,473.6919250488281,409.1959533691406
189.0845184326172,185.9900054931641,173.060302734375,479.7896728515625,420.6317443847656
191.7057037353516,183.1499938964844,178.69361877441406,462.941162109375,426.5572509765625
189.3535919189453,182.1499938964844,177.18080139160156,478.1755676269531,427.8298645019531
193.38006591796875,178.33999633789062,173.59776306152344,475.75439453125,411.1270446777344
196.23046875,184.3000030517578,175.12054443359375,491.1681518554688,421.3973083496094
213.5223846435547,183.8300018310547,176.10699462890625,502.26763916015625,439.0246887207031
208.97764587402344,186.1000061035156,177.0735321044922,500.3727111816406,443.1208801269531
212.5356903076172,193.6100006103516,184.70606994628903,511.762451171875,449.54345703125
219.53216552734372,200.0,185.941650390625,508.1520690917969,456.6222534179688
227.9139862060547,199.33999633789065,189.7579345703125,528.5978393554688,456.8807678222656
233.6148376464844,192.72000122070312,187.5159912109375,494.8473510742188,451.3330383300781
223.55862426757807,183.1300048828125,178.7475128173828,475.5286254882813,434.5805358886719
216.7614898681641,179.85000610351562,168.5541534423828,452.2104797363281,415.9788208007813
221.3361053466797,186.97999572753903,172.5298614501953,473.5737915039063,415.92913818359375
206.53585815429688,161.92999267578125,159.9650115966797,492.7828369140625,397.2975463867188
217.0522918701172,166.8000030517578,163.36280822753906,514.5850219726562,404.4559020996094
225.5535888671875,177.05999755859375,164.1499786376953,526.024658203125,416.7983093261719
224.03692626953125,176.1300048828125,164.8972930908203,530.522705078125,413.8899841308594
225.99261474609372,170.8000030517578,163.91082763671875,515.412841796875,408.9597778320313
220.3650054931641,173.3300018310547,157.2447967529297,511.3834838867188,407.26654052734375
219.6266326904297,179.5500030517578,149.66949462890625,503.45452880859375,412.5453796386719
215.84495544433597,184.88999938964844,158.62911987304688,532.3765869140625,429.6169128417969
227.6988525390625,191.6000061035156,164.2662811279297,560.3989868164062,433.53118896484375
227.02035522460935,191.16000366210935,163.4581298828125,566.8779907226562,429.5870361328125
226.281982421875,184.75999450683597,166.9302215576172,571.839599609375,415.4636535644531
225.27420043945312,182.72000122070312,165.32386779785156,591.8855590820312,413.0533447265625
230.79205322265625,187.5399932861328,165.972412109375,589.419677734375,417.4656677246094
234.48391723632807,188.9900054931641,164.67535400390625,575.4933471679688,416.4895629882813
230.0636749267578,186.3800048828125,164.1565399169922,566.818115234375,423.0333251953125
229.5946807861328,192.72999572753903,175.7401885986328,590.79736328125,430.8021545410156
222.95928955078125,199.5,171.02093505859375,571.460205078125,409.8163146972656
223.98373413085935,206.83999633789065,181.55694580078125,582.1820068359375,416.3401489257813
224.7528839111328,202.6100006103516,173.49530029296875,553.141357421875,413.3421936035156
228.2690277099609,198.3800048828125,168.85585021972656,562.1360473632812,412.0437927246094
234.67198181152344,205.7400054931641,170.43226623535156,568.2356567382812,422.1435546875
242.74310302734372,218.16000366210935,175.69029235839844,612.7401733398438,436.544677734375
247.4978790283203,225.0399932861328,186.31773376464844,618.2708129882812,442.4428405761719
250.7642822265625,232.92999267578125,197.93450927734372,623.6851196289062,450.6863098144531
254.21051025390625,224.9199981689453,192.74041748046875,584.7297973632812,435.726318359375
255.30929565429688,223.75,193.81918334960935,599.27685546875,429.66845703125
